T2.4.6.1 static calibrate_thresholds sanity

$ /root/workspace/Health-EC-workspace/Health-EC/build/experiments/calibrate_thresholds
returncode=0
--- stdout ---
calibrate_thresholds  seed=42  reads=20000  stripes=500
Slow: disk8=mild  disk9=severe  (stripe-0 data[2,3])
Baseline (θ_S=∞): P50=27.5529  P95=83.1467  P99=548.11 ms

Aabs     Babs     θ_S   θ_D        P50     P95     P99  P99imp%     BW%    prec   migTP   migFP  flag
--------------------------------------------------------------------------------------------------------------
0.0      0.0      1.3    1.3        16.2    72.5   156.9     71.4    11.5    0.59    5719    4576
0.0      0.0      1.3    2.0        16.0    70.3    98.5     82.0    12.6    0.61    5165    4012
0.0      0.0      1.3    2.6        16.0    70.3    98.1     82.1    12.7    0.61    4994    3425
0.0      0.0      2.0    2.0        16.2    72.1   111.1     79.7    11.0    0.64    5121    3943
0.0      0.0      2.0    3.0        16.2    71.8   110.0     79.9    11.2    0.63    4846    3300
0.0      0.0      2.0    4.0        15.8    67.4    90.7     83.5    13.0    0.68    4087    2644
0.0      0.0      2.7    2.7        16.3    72.7   166.6     69.6    10.1    0.66    4871    3345
0.0      0.0      2.7    4.1        15.9    68.5    92.9     83.0    11.9    0.71    4069    2618
0.0      0.0      2.7    5.4        15.9    68.5    92.9     83.0    12.0    0.71    3689    2225
0.0      0.0      3.4    3.4        16.4    73.5   169.5     69.1     9.1    0.68    4762    3020
0.0      0.0      3.4    5.1        16.1    69.6    94.6     82.7    11.0    0.73    3928    2312
0.0      0.0      3.4    6.8        16.1    69.7    95.0     82.7    11.1    0.73    3600    1910
0.0      5.0      1.3    1.3        16.3    72.6   110.0     79.9    10.8    0.61    5406    1218
0.0      5.0      1.3    2.0        16.1    70.4    94.1     82.8    11.8    0.64    4851    1041
0.0      5.0      1.3    2.6        16.1    70.2    94.2     82.8    11.9    0.64    4679     879
0.0      5.0      2.0    2.0        16.3    72.5   103.6     81.1    10.1    0.67    4768    1018
0.0      5.0      2.0    3.0        16.3    72.1   100.8     81.6    10.3    0.67    4545     794
0.0      5.0      2.0    4.0        16.0    68.3    92.7     83.1    12.0    0.72    3744     610
0.0      5.0      2.7    2.7        16.5    73.1   157.4     71.3     9.2    0.70    4538     834
0.0      5.0      2.7    4.1        16.1    69.4    95.0     82.7    11.0    0.75    3744     613
0.0      5.0      2.7    5.4        16.0    69.1    94.2     82.8    11.1    0.75    3426     497
0.0      5.0      3.4    3.4        16.5    73.9   169.3     69.1     8.3    0.72    4443     718
0.0      5.0      3.4    5.1        16.2    70.6    98.9     82.0    10.1    0.77    3561     505
0.0      5.0      3.4    6.8        16.1    70.1    97.2     82.3    10.3    0.77    3314     351
0.0      15.0     1.3    1.3        16.4    73.5   166.2     69.7    10.1    0.64    4339       4
0.0      15.0     1.3    2.0        16.2    71.6    99.6     81.8    11.0    0.67    3793       3
0.0      15.0     1.3    2.6        16.1    71.4    99.6     81.8    11.1    0.67    3661       3
0.0      15.0     2.0    2.0        16.4    73.2   106.6     80.5     9.4    0.70    3733       3
0.0      15.0     2.0    3.0        16.4    72.8   101.8     81.4     9.6    0.70    3563       3
0.0      15.0     2.0    4.0        16.1    69.6    95.0     82.7    10.9    0.74    2655       1
0.0      15.0     2.7    2.7        16.5    73.6   166.6     69.6     8.4    0.73    3555       3
0.0      15.0     2.7    4.1        16.2    70.7    99.1     81.9     9.9    0.77    2634       1
0.0      15.0     2.7    5.4        16.2    70.4    98.1     82.1    10.0    0.77    2405       1
0.0      15.0     3.4    3.4        16.6    75.0   171.0     68.8     7.7    0.76    3449       3
0.0      15.0     3.4    5.1        16.3    71.5   100.8     81.6     9.1    0.80    2518       1
0.0      15.0     3.4    6.8        16.2    71.2    99.6     81.8     9.3    0.80    2309       0
0.0      30.0     1.3    1.3        16.3    72.7   166.6     69.6    10.4    0.65    2879       0
0.0      30.0     1.3    2.0        16.2    71.3   106.2     80.6    11.0    0.67    2448       0
0.0      30.0     1.3    2.6        16.1    71.0   100.8     81.6    11.1    0.67    2379       0
0.0      30.0     2.0    2.0        16.4    73.0   166.6     69.6     9.4    0.70    2377       0
0.0      30.0     2.0    3.0        16.4    72.8   163.7     70.1     9.6    0.70    2277       0
0.0      30.0     2.0    4.0        16.2    71.1   100.2     81.7    10.4    0.73    1475       0
0.0      30.0     2.7    2.7        16.5    73.9   175.5     68.0     8.4    0.73    2272       0
0.0      30.0     2.7    4.1        16.3    72.2   116.0     78.8     9.3    0.75    1451       0
0.0      30.0     2.7    5.4        16.2    71.9   102.4     81.3     9.5    0.76    1329       0
0.0      30.0     3.4    3.4        16.6    74.8   177.1     67.7     7.7    0.76    2188       0
0.0      30.0     3.4    5.1        16.4    72.8   160.5     70.7     8.6    0.78    1379       0
0.0      30.0     3.4    6.8        16.4    72.3   101.8     81.4     8.8    0.79    1248       0
15.0     0.0      1.3    1.3        16.5    73.1   111.9     79.6     6.6    1.00    5519    2767
15.0     0.0      1.3    2.0        16.4    70.9    96.2     82.4     7.6    1.00    5017    2508
15.0     0.0      1.3    2.6        16.3    70.9    95.7     82.5     7.6    1.00    4844    2390
15.0     0.0      2.0    2.0        16.5    72.6   101.9     81.4     6.8    1.00    4956    2493
15.0     0.0      2.0    3.0        16.5    72.3   101.0     81.6     7.0    1.00    4680    2340
15.0     0.0      2.0    4.0        16.1    67.6    90.8     83.4     8.8    1.00    4067    2027
15.0     0.0      2.7    2.7        16.5    73.2   159.2     71.0     6.5    1.00    4711    2361
15.0     0.0      2.7    4.1        16.2    68.6    93.2     83.0     8.4    1.00    4059    2020
15.0     0.0      2.7    5.4        16.2    68.4    93.1     83.0     8.5    1.00    3705    1840
15.0     0.0      3.4    3.4        16.6    74.1   167.6     69.4     6.1    1.00    4630    2260
15.0     0.0      3.4    5.1        16.2    69.8    96.2     82.4     8.0    1.00    3927    1884
15.0     0.0      3.4    6.8        16.2    69.6    95.3     82.6     8.1    1.00    3617    1651
15.0     5.0      1.3    1.3        16.6    73.3   113.3     79.3     6.5    1.00    5185     771
15.0     5.0      1.3    2.0        16.4    71.2    97.8     82.2     7.5    1.00    4704     687
15.0     5.0      1.3    2.6        16.4    71.1    97.5     82.2     7.5    1.00    4530     654
15.0     5.0      2.0    2.0        16.5    73.1   114.1     79.2     6.7    1.00    4619     680
15.0     5.0      2.0    3.0        16.5    72.8   111.6     79.6     6.8    1.00    4385     618
15.0     5.0      2.0    4.0        16.2    68.3    92.4     83.1     8.6    1.00    3744     514
15.0     5.0      2.7    2.7        16.6    73.8   164.4     70.0     6.3    1.00    4400     640
15.0     5.0      2.7    4.1        16.2    69.6    95.3     82.6     8.1    1.00    3683     511
15.0     5.0      2.7    5.4        16.2    69.4    94.2     82.8     8.2    1.00    3382     442
15.0     5.0      3.4    3.4        16.7    74.6   172.7     68.5     5.9    1.00    4307     580
15.0     5.0      3.4    5.1        16.3    70.6    98.0     82.1     7.7    1.00    3557     451
15.0     5.0      3.4    6.8        16.3    69.9    97.0     82.3     7.9    1.00    3312     328
15.0     15.0     1.3    1.3        16.6    74.1   171.9     68.6     6.2    1.00    4117       4
15.0     15.0     1.3    2.0        16.4    72.1   102.8     81.2     7.1    1.00    3614       3
15.0     15.0     1.3    2.6        16.4    71.9   100.8     81.6     7.2    1.00    3481       3
15.0     15.0     2.0    2.0        16.6    74.1   166.2     69.7     6.3    1.00    3568       3
15.0     15.0     2.0    3.0        16.6    73.3   112.3     79.5     6.6    1.00    3395       3
15.0     15.0     2.0    4.0        16.2    70.0    96.2     82.4     8.0    1.00    2608       1
15.0     15.0     2.7    2.7        16.7    74.5   171.0     68.8     5.9    1.00    3387       3
15.0     15.0     2.7    4.1        16.4    71.2    99.9     81.8     7.5    1.00    2614       0  *** BEST
15.0     15.0     2.7    5.4        16.3    70.8    99.1     81.9     7.6    1.00    2373       0  *** BEST
15.0     15.0     3.4    3.4        16.8    75.2   172.7     68.5     5.6    1.00    3304       3
15.0     15.0     3.4    5.1        16.4    71.9   101.8     81.4     7.2    1.00    2474       0  OK
15.0     15.0     3.4    6.8        16.4    71.7   102.4     81.3     7.3    1.00    2263       0  OK
15.0     30.0     1.3    1.3        16.6    73.7   172.4     68.6     6.3    1.00    2625       0  OK
15.0     30.0     1.3    2.0        16.5    72.1   108.2     80.3     7.0    1.00    2243       0  OK
15.0     30.0     1.3    2.6        16.5    71.8   102.8     81.2     7.1    1.00    2181       0  OK
15.0     30.0     2.0    2.0        16.7    74.0   168.9     69.2     6.2    1.00    2191       0  OK
15.0     30.0     2.0    3.0        16.6    73.4   165.2     69.9     6.4    1.00    2099       0  OK
15.0     30.0     2.0    4.0        16.4    71.3   106.7     80.5     7.4    1.00    1434       0  OK
15.0     30.0     2.7    2.7        16.8    74.8   174.1     68.2     5.8    1.00    2088       0  OK
15.0     30.0     2.7    4.1        16.5    72.5   116.0     78.8     6.8    1.00    1419       0  OK
15.0     30.0     2.7    5.4        16.4    72.0   104.0     81.0     7.1    1.00    1294       0  OK
15.0     30.0     3.4    3.4        16.9    75.3   178.2     67.5     5.5    1.00    2030       0  OK
15.0     30.0     3.4    5.1        16.5    73.2   171.0     68.8     6.6    1.00    1345       0  OK
15.0     30.0     3.4    6.8        16.5    72.7   157.4     71.3     6.8    1.00    1214       0  OK
30.0     0.0      1.3    1.3        16.7    74.4   169.7     69.0     5.9    1.00    4726    2400
30.0     0.0      1.3    2.0        16.4    71.7    99.9     81.8     7.1    1.00    4473    2252
30.0     0.0      1.3    2.6        16.4    71.6    99.9     81.8     7.1    1.00    4303    2135
30.0     0.0      2.0    2.0        16.6    73.3   156.9     71.4     6.3    1.00    4398    2232
30.0     0.0      2.0    3.0        16.6    72.9   111.9     79.6     6.5    1.00    4132    2085
30.0     0.0      2.0    4.0        16.2    68.4    91.9     83.2     8.5    1.00    3944    1953
30.0     0.0      2.7    2.7        16.7    74.1   167.8     69.4     6.0    1.00    4159    2113
30.0     0.0      2.7    4.1        16.2    69.3    95.0     82.7     8.1    1.00    3939    1947
30.0     0.0      2.7    5.4        16.2    69.2    95.0     82.7     8.2    1.00    3561    1766
30.0     0.0      3.4    3.4        16.8    74.7   170.8     68.8     5.5    1.00    4076    2005
30.0     0.0      3.4    5.1        16.3    70.3    97.2     82.3     7.8    1.00    3798    1813
30.0     0.0      3.4    6.8        16.2    69.8    95.9     82.5     7.9    1.00    3536    1617
30.0     5.0      1.3    1.3        16.7    74.7   169.6     69.0     5.8    1.00    4432     683
30.0     5.0      1.3    2.0        16.5    72.1   101.1     81.6     6.8    1.00    4121     610
30.0     5.0      1.3    2.6        16.4    72.0   102.4     81.3     7.0    1.00    3998     579
30.0     5.0      2.0    2.0        16.6    73.9   167.6     69.4     6.1    1.00    4082     620
30.0     5.0      2.0    3.0        16.6    73.2   153.9     71.9     6.4    1.00    3862     548
30.0     5.0      2.0    4.0        16.2    69.1    93.2     83.0     8.3    1.00    3602     501
30.0     5.0      2.7    2.7        16.8    74.9   174.7     68.1     5.6    1.00    3838     573
30.0     5.0      2.7    4.1        16.3    70.1    95.7     82.5     7.8    1.00    3588     495
30.0     5.0      2.7    5.4        16.3    69.8    95.6     82.6     8.0    1.00    3304     421
30.0     5.0      3.4    3.4        16.9    75.4   177.6     67.6     5.3    1.00    3737     515
30.0     5.0      3.4    5.1        16.4    71.4   103.4     81.1     7.4    1.00    3423     430
30.0     5.0      3.4    6.8        16.3    70.7    97.5     82.2     7.6    1.00    3251     327
30.0     15.0     1.3    1.3        16.8    75.3   175.8     67.9     5.4    1.00    3454       2
30.0     15.0     1.3    2.0        16.6    73.4   113.3     79.3     6.4    1.00    3144       2
30.0     15.0     1.3    2.6        16.5    73.0   112.3     79.5     6.6    1.00    3018       2
30.0     15.0     2.0    2.0        16.8    75.1   174.1     68.2     5.5    1.00    3079       2
30.0     15.0     2.0    3.0        16.7    74.4   166.9     69.6     5.9    1.00    2927       2
30.0     15.0     2.0    4.0        16.4    71.0    98.8     82.0     7.5    1.00    2476       1
30.0     15.0     2.7    2.7        16.9    75.6   176.2     67.9     5.2    1.00    2920       2
30.0     15.0     2.7    4.1        16.4    72.0   111.5     79.7     7.1    1.00    2466       1
30.0     15.0     2.7    5.4        16.4    71.6   102.4     81.3     7.3    1.00    2239       1
30.0     15.0     3.4    3.4        17.0    76.1   178.0     67.5     4.9    1.00    2844       2
30.0     15.0     3.4    5.1        16.5    72.8   166.5     69.6     6.7    1.00    2348       1
30.0     15.0     3.4    6.8        16.4    72.4   113.3     79.3     6.9    1.00    2146       0  OK
30.0     30.0     1.3    1.3        16.9    75.6   181.9     66.8     5.3    1.00    2214       0  OK
30.0     30.0     1.3    2.0        16.7    74.1   171.4     68.7     6.1    1.00    1910       0  OK
30.0     30.0     1.3    2.6        16.6    73.8   169.8     69.0     6.2    1.00    1853       0  OK
30.0     30.0     2.0    2.0        16.8    75.4   178.2     67.5     5.3    1.00    1868       0  OK
30.0     30.0     2.0    3.0        16.8    75.0   176.3     67.8     5.6    1.00    1785       0  OK
30.0     30.0     2.0    4.0        16.5    72.4   106.7     80.5     6.8    1.00    1303       0  OK
30.0     30.0     2.7    2.7        17.0    76.1   182.6     66.7     5.0    1.00    1774       0  OK
30.0     30.0     2.7    4.1        16.6    73.7   172.7     68.5     6.2    1.00    1288       0  OK
30.0     30.0     2.7    5.4        16.6    72.9   169.8     69.0     6.5    1.00    1172       0  OK
30.0     30.0     3.4    3.4        17.1    76.7   194.1     64.6     4.6    1.00    1726       0  OK
30.0     30.0     3.4    5.1        16.7    74.4   176.3     67.8     5.9    1.00    1214       0  OK
30.0     30.0     3.4    6.8        16.6    73.8   172.7     68.5     6.2    1.00    1121       0  OK

=== Summary ===
Constraints: stripe-precision>=0.80  BW<=15.00%  migFP=0  P99_imp>=0.00%
Best: A_abs=15.00ms  B_abs=15.00ms  θ_S=2.70  θ_D=5.40  P99_imp=81.92%  BW=7.65%

